5.488915443420410156e+00
5.540332317352294922e+00
5.566685199737548828e+00
5.613725185394287109e+00
5.514329433441162109e+00
5.410131454467773438e+00
5.552655696868896484e+00
5.429624080657958984e+00
5.051542758941650391e+00
5.057524681091308594e+00
5.074523448944091797e+00
4.989128589630126953e+00
5.130647182464599609e+00
5.275053977966308594e+00
5.362472534179687500e+00
5.341464996337890625e+00
5.463104724884033203e+00
5.559551715850830078e+00
5.444694042205810547e+00
5.382198810577392578e+00
5.280079841613769531e+00
5.123871326446533203e+00
5.003833293914794922e+00
5.047989368438720703e+00
5.137761116027832031e+00
5.148176193237304688e+00
5.057653427124023438e+00
5.202408790588378906e+00
5.343291759490966797e+00
5.264771938323974609e+00
5.280352115631103516e+00
5.382644176483154297e+00
5.336941719055175781e+00
5.375967502593994141e+00
5.438326358795166016e+00
5.334711551666259766e+00
5.298559665679931641e+00
5.272469520568847656e+00
5.315943717956542969e+00
5.406037807464599609e+00
5.488475322723388672e+00
5.644358634948730469e+00
5.760677814483642578e+00
5.697205066680908203e+00
5.715644359588623047e+00
5.653114318847656250e+00
5.516481876373291016e+00
5.532401561737060547e+00
5.547368526458740234e+00
5.446867465972900391e+00
5.400957584381103516e+00
5.617159366607666016e+00
5.663206100463867188e+00
5.771410465240478516e+00
6.086647510528564453e+00
6.159254074096679688e+00
6.291117668151855469e+00
6.436531066894531250e+00
6.447779655456542969e+00
6.399272918701171875e+00
6.256361007690429688e+00
6.176861763000488281e+00
6.275361061096191406e+00
6.350651741027832031e+00
6.324631690979003906e+00
6.372945785522460938e+00
6.426221847534179688e+00
6.392208099365234375e+00
6.343671798706054688e+00
6.346253395080566406e+00
6.312285423278808594e+00
6.336593627929687500e+00
6.371511459350585938e+00
6.282125473022460938e+00
6.266183853149414062e+00
6.370822906494140625e+00
6.354304313659667969e+00
6.237749099731445312e+00
6.301263809204101562e+00
6.182334899902343750e+00
6.274592399597167969e+00
6.295746803283691406e+00
6.341785430908203125e+00
6.318959236145019531e+00
6.331493377685546875e+00
6.358701705932617188e+00
6.414016723632812500e+00
6.435032844543457031e+00
6.322810173034667969e+00
6.283990859985351562e+00
6.327231407165527344e+00
6.457640647888183594e+00
6.618098258972167969e+00
6.679336547851562500e+00
6.722317695617675781e+00
6.723515510559082031e+00
6.709842681884765625e+00
6.737159729003906250e+00
6.776057243347167969e+00
6.747792243957519531e+00
6.731105804443359375e+00
6.674098968505859375e+00
6.643218994140625000e+00
6.648469924926757812e+00
6.719795227050781250e+00
6.692841529846191406e+00
6.776795387268066406e+00
6.783336639404296875e+00
6.807316780090332031e+00
6.826384544372558594e+00
6.847528934478759766e+00
6.841089248657226562e+00
6.798790931701660156e+00
6.788265228271484375e+00
6.797986507415771484e+00
6.818828582763671875e+00
6.851561546325683594e+00
6.864991664886474609e+00
6.886975288391113281e+00
6.899334907531738281e+00
6.876214981079101562e+00
6.869018554687500000e+00
6.868417739868164062e+00
6.853403091430664062e+00
6.818151473999023438e+00
6.827731132507324219e+00
6.816567420959472656e+00
6.797750949859619141e+00
6.803583145141601562e+00
6.843608856201171875e+00
6.871951103210449219e+00
6.883450984954833984e+00
6.900192260742187500e+00
6.910103797912597656e+00
6.910242080688476562e+00
6.902829170227050781e+00
6.890246391296386719e+00
6.882183074951171875e+00
6.861240386962890625e+00
6.836945056915283203e+00
6.810621261596679688e+00
6.811816215515136719e+00
6.842479705810546875e+00
6.854462623596191406e+00
6.871354103088378906e+00
6.875211715698242188e+00
6.865432739257812500e+00
6.857256889343261719e+00
6.871862411499023438e+00
6.877678394317626953e+00
6.857726097106933594e+00
6.840978622436523438e+00
6.842582702636718750e+00
6.852359771728515625e+00
6.878546714782714844e+00
6.875023841857910156e+00
6.884119987487792969e+00
6.901282310485839844e+00
6.898058891296386719e+00
6.878202438354492188e+00
6.846190452575683594e+00
6.821662425994873047e+00
6.821044445037841797e+00
6.738869667053222656e+00
6.580384254455566406e+00
6.600589752197265625e+00
6.580272674560546875e+00
6.586615562438964844e+00
6.505933761596679688e+00
6.457957267761230469e+00
6.410270690917968750e+00
6.406725883483886719e+00
6.566735267639160156e+00
6.709694862365722656e+00
6.681637763977050781e+00
6.633736610412597656e+00
6.619117736816406250e+00
6.563095092773437500e+00
6.592868804931640625e+00
6.588415145874023438e+00
6.538460731506347656e+00
6.429936408996582031e+00
6.314366340637207031e+00
6.246705055236816406e+00
6.336462020874023438e+00
6.435402870178222656e+00
6.408539772033691406e+00
6.448538780212402344e+00
6.380853652954101562e+00
6.310977935791015625e+00
6.306019783020019531e+00
6.364851951599121094e+00
6.240073204040527344e+00
6.115571975708007812e+00
6.082314491271972656e+00
6.010013580322265625e+00
5.823224067687988281e+00
5.779322624206542969e+00
5.697566986083984375e+00
5.609217643737792969e+00
5.814614295959472656e+00
5.834682464599609375e+00
5.908180236816406250e+00
5.850778579711914062e+00
5.951384544372558594e+00
5.986209869384765625e+00
5.910440444946289062e+00
6.152905464172363281e+00
6.133566856384277344e+00
6.206361770629882812e+00
6.286832809448242188e+00
6.273997306823730469e+00
6.309615135192871094e+00
6.175435066223144531e+00
6.106530189514160156e+00
6.088284492492675781e+00
6.022951126098632812e+00
5.783507347106933594e+00
5.653499603271484375e+00
5.798851013183593750e+00
5.620328903198242188e+00
5.721269607543945312e+00
5.908453941345214844e+00
5.879723548889160156e+00
6.212888240814208984e+00
6.342161178588867188e+00
6.308862209320068359e+00
6.227171897888183594e+00
6.311411380767822266e+00
6.394882202148437500e+00
6.294161796569824219e+00
6.341797351837158203e+00
6.200831413269042969e+00
6.044157981872558594e+00
6.070969581604003906e+00
6.037324905395507812e+00
6.052693367004394531e+00
6.181412696838378906e+00
6.180732250213623047e+00
6.120990753173828125e+00
6.121811389923095703e+00
5.982626914978027344e+00
5.844454288482666016e+00
5.951007366180419922e+00
5.886919498443603516e+00
5.778574943542480469e+00
5.899907112121582031e+00
5.936928272247314453e+00
5.961811065673828125e+00
6.065484046936035156e+00
6.086220741271972656e+00
6.004343509674072266e+00
5.974290370941162109e+00
5.939074516296386719e+00
5.578742980957031250e+00
5.418133735656738281e+00
5.274267196655273438e+00
5.209218025207519531e+00
5.323969364166259766e+00
5.393990039825439453e+00
5.385139465332031250e+00
5.351304531097412109e+00
5.546924114227294922e+00
5.489642143249511719e+00
5.654971599578857422e+00
5.665503501892089844e+00
5.431814670562744141e+00
5.314402103424072266e+00
5.223339557647705078e+00
5.045063018798828125e+00
4.861802577972412109e+00
4.947108268737792969e+00
5.005506992340087891e+00
5.133013248443603516e+00
5.305066585540771484e+00
5.501161575317382812e+00
5.422224521636962891e+00
5.399780273437500000e+00
5.303831577301025391e+00
5.028899192810058594e+00
4.875463962554931641e+00
4.922420024871826172e+00
4.961566448211669922e+00
5.060063362121582031e+00
5.124776363372802734e+00
5.155406475067138672e+00
5.270908355712890625e+00
5.331168174743652344e+00
5.497364044189453125e+00
5.354644298553466797e+00
5.350536346435546875e+00
5.169789314270019531e+00
5.161222457885742188e+00
5.081645965576171875e+00
5.009438037872314453e+00
5.051972866058349609e+00
4.958916187286376953e+00
5.000735759735107422e+00
4.887075901031494141e+00
4.964081764221191406e+00
4.824785709381103516e+00
4.838335990905761719e+00
4.891623020172119141e+00
4.698143005371093750e+00
4.854699134826660156e+00
5.048588752746582031e+00
5.008686542510986328e+00
5.118627071380615234e+00
5.164052486419677734e+00
5.090656757354736328e+00
5.124843120574951172e+00
5.229467391967773438e+00
5.209317207336425781e+00
4.901963233947753906e+00
4.831877231597900391e+00
4.681446075439453125e+00
4.578106880187988281e+00
4.640776634216308594e+00
4.681795597076416016e+00
4.608987808227539062e+00
4.535244464874267578e+00
4.506003379821777344e+00
4.197535037994384766e+00
3.749418735504150391e+00
3.471737861633300781e+00
3.526567459106445312e+00
4.221674919128417969e+00
4.580591201782226562e+00
4.712180137634277344e+00
4.840713977813720703e+00
4.780391216278076172e+00
4.695925235748291016e+00
4.557268142700195312e+00
4.578936100006103516e+00
4.184548854827880859e+00
4.087611675262451172e+00
3.984414100646972656e+00
4.216210365295410156e+00
4.224934577941894531e+00
3.981446743011474609e+00
3.911680221557617188e+00
3.731805801391601562e+00
4.064223766326904297e+00
4.145595073699951172e+00
4.115609169006347656e+00
3.795924186706542969e+00
3.713260173797607422e+00
3.464336872100830078e+00
3.458095550537109375e+00
3.364958286285400391e+00
3.689839839935302734e+00
3.770750522613525391e+00
3.839957237243652344e+00
4.029682636260986328e+00
4.003550052642822266e+00
4.199143886566162109e+00
4.216275215148925781e+00
4.111750125885009766e+00
4.098291873931884766e+00
4.048319339752197266e+00
4.048616409301757812e+00
3.969459533691406250e+00
4.088251590728759766e+00
3.875324726104736328e+00
3.846247673034667969e+00
3.807524681091308594e+00
3.830911636352539062e+00
3.905463218688964844e+00
3.945468425750732422e+00
3.954977035522460938e+00
3.603018760681152344e+00
3.671844959259033203e+00
3.774152278900146484e+00
3.957161903381347656e+00
4.097335338592529297e+00
4.084304332733154297e+00
4.155040264129638672e+00
4.118257045745849609e+00
4.119291305541992188e+00
4.070989608764648438e+00
3.962157726287841797e+00
3.873699188232421875e+00
3.651339054107666016e+00
3.785509586334228516e+00
3.789599418640136719e+00
3.919865369796752930e+00
3.724487304687500000e+00
3.689515829086303711e+00
3.669257402420043945e+00
3.699092149734497070e+00
3.879789352416992188e+00
3.762410402297973633e+00
3.776621580123901367e+00
3.688214063644409180e+00
3.698694467544555664e+00
3.828724622726440430e+00
3.647120714187622070e+00
3.658501386642456055e+00
3.647110700607299805e+00
3.568006753921508789e+00
3.592408657073974609e+00
3.685149431228637695e+00
3.616902828216552734e+00
3.718005418777465820e+00
3.711984634399414062e+00
3.708962678909301758e+00
3.683983564376831055e+00
3.748634099960327148e+00
3.640520334243774414e+00
3.632491350173950195e+00
3.746517896652221680e+00
3.817950487136840820e+00
3.810009717941284180e+00
3.892659187316894531e+00
3.919887542724609375e+00
3.833320617675781250e+00
3.870404720306396484e+00
3.787861108779907227e+00
3.892688512802124023e+00
4.043377399444580078e+00
3.972216367721557617e+00
3.712074041366577148e+00
3.684383153915405273e+00
3.627327919006347656e+00
3.579901456832885742e+00
3.654823064804077148e+00
3.614118337631225586e+00
3.662181615829467773e+00
3.682862997055053711e+00
3.729864597320556641e+00
3.812895536422729492e+00
4.011428833007812500e+00
4.025417327880859375e+00
3.932836771011352539e+00
3.901893854141235352e+00
3.819348573684692383e+00
3.865783452987670898e+00
3.721539974212646484e+00
3.820470571517944336e+00
3.684901475906372070e+00
3.794267654418945312e+00
3.803795337677001953e+00
3.792699337005615234e+00
3.991827011108398438e+00
3.921482563018798828e+00
3.973617076873779297e+00
3.852629661560058594e+00
4.077144622802734375e+00
4.046683311462402344e+00
3.978007316589355469e+00
3.999000072479248047e+00
3.901755332946777344e+00
4.031130790710449219e+00
4.040807723999023438e+00
4.132325172424316406e+00
3.942700862884521484e+00
4.057612895965576172e+00
4.093242645263671875e+00
4.138852596282958984e+00
4.146093845367431641e+00
4.130203247070312500e+00
4.038178920745849609e+00
4.037154197692871094e+00
4.104823112487792969e+00
4.132345676422119141e+00
4.143600463867187500e+00
3.994339942932128906e+00
4.000901699066162109e+00
3.948809146881103516e+00
4.102531433105468750e+00
4.186476230621337891e+00
4.233516216278076172e+00
4.356962680816650391e+00
4.332887649536132812e+00
4.429649829864501953e+00
4.477139949798583984e+00
4.553881645202636719e+00
4.524994850158691406e+00
4.397942543029785156e+00
4.358783245086669922e+00
4.230197429656982422e+00
4.286179065704345703e+00
4.316292762756347656e+00
4.370814323425292969e+00
4.282866954803466797e+00
4.223744392395019531e+00
4.310552597045898438e+00
4.311666488647460938e+00
4.533985137939453125e+00
4.721912860870361328e+00
4.694497108459472656e+00
4.731075286865234375e+00
4.579151153564453125e+00
4.700638771057128906e+00
4.724786758422851562e+00
4.802421092987060547e+00
4.821983337402343750e+00
4.782344818115234375e+00
4.785656929016113281e+00
4.877599716186523438e+00
4.971846580505371094e+00
4.997414588928222656e+00
5.140356063842773438e+00
5.229321479797363281e+00
5.326383590698242188e+00
5.410713195800781250e+00
5.311816215515136719e+00
5.444151878356933594e+00
5.386678695678710938e+00
5.367316246032714844e+00
5.302392959594726562e+00
5.287251472473144531e+00
5.385207176208496094e+00
5.350763320922851562e+00
5.442067146301269531e+00
5.343979835510253906e+00
5.114280700683593750e+00
5.181589126586914062e+00
5.194782257080078125e+00
5.238965988159179688e+00
5.313006401062011719e+00
5.366697311401367188e+00
5.314725875854492188e+00
5.301861763000488281e+00
5.436032295227050781e+00
5.340909004211425781e+00
5.408231735229492188e+00
5.442234039306640625e+00
5.450033187866210938e+00
5.501655578613281250e+00
5.483643531799316406e+00
5.527983665466308594e+00
5.492044448852539062e+00
5.595103263854980469e+00
5.504218101501464844e+00
5.383152008056640625e+00
5.362297058105468750e+00
5.215184211730957031e+00
5.250383377075195312e+00
5.166846275329589844e+00
5.125437736511230469e+00
4.970729827880859375e+00
4.962377548217773438e+00
4.936714649200439453e+00
4.807995319366455078e+00
4.929926872253417969e+00
4.891454219818115234e+00
4.970563888549804688e+00
5.145943641662597656e+00
5.092202186584472656e+00
4.999108314514160156e+00
5.025799751281738281e+00
4.938578605651855469e+00
4.794038772583007812e+00
4.751552581787109375e+00
4.857840061187744141e+00
4.910974502563476562e+00
5.031896591186523438e+00
5.117774963378906250e+00
5.066094398498535156e+00
5.065999984741210938e+00
5.106465339660644531e+00
5.219725608825683594e+00
5.162545204162597656e+00
5.152107238769531250e+00
5.032368659973144531e+00
5.038372039794921875e+00
4.944472312927246094e+00
4.840346336364746094e+00
4.898364543914794922e+00
4.735517501831054688e+00
4.834517478942871094e+00
4.889471530914306641e+00
4.845945835113525391e+00
4.746176719665527344e+00
4.905467033386230469e+00
5.073072433471679688e+00
5.098844528198242188e+00
5.111530303955078125e+00
5.139106750488281250e+00
5.086244583129882812e+00
5.026673316955566406e+00
5.212723731994628906e+00
5.216138839721679688e+00
5.200484275817871094e+00
5.213217735290527344e+00
5.297720909118652344e+00
5.255527496337890625e+00
5.172016143798828125e+00
5.079925537109375000e+00
5.009475708007812500e+00
5.107876777648925781e+00
5.202139854431152344e+00
5.297762870788574219e+00
5.253340721130371094e+00
5.327694892883300781e+00
5.293947219848632812e+00
5.311218261718750000e+00
5.387199401855468750e+00
5.347208976745605469e+00
5.400293350219726562e+00
5.406758308410644531e+00
5.551672935485839844e+00
5.623392105102539062e+00
5.599344253540039062e+00
5.531054973602294922e+00
5.436608314514160156e+00
5.454141139984130859e+00
5.380413055419921875e+00
5.263165950775146484e+00
5.240881443023681641e+00
5.149561882019042969e+00
5.243420124053955078e+00
5.316573619842529297e+00
5.273860454559326172e+00
5.448189258575439453e+00
5.436496257781982422e+00
5.408699512481689453e+00
5.382528781890869141e+00
5.435297489166259766e+00
5.399476528167724609e+00
5.383316516876220703e+00
5.469586849212646484e+00
5.324759006500244141e+00
5.277750015258789062e+00
5.211789608001708984e+00
5.216273784637451172e+00
5.185844421386718750e+00
5.227165699005126953e+00
5.330667972564697266e+00
5.290672779083251953e+00
5.427112102508544922e+00
5.483956336975097656e+00
5.522140979766845703e+00
5.551269054412841797e+00
5.470887184143066406e+00
5.459381580352783203e+00
5.407507896423339844e+00
5.313022136688232422e+00
5.320582866668701172e+00
5.442748546600341797e+00
5.212285041809082031e+00
5.107132911682128906e+00
5.100450038909912109e+00
5.044608592987060547e+00
5.109899044036865234e+00
5.201050281524658203e+00
5.138754367828369141e+00
5.078553676605224609e+00
5.194656848907470703e+00
5.190273761749267578e+00
5.105738162994384766e+00
5.061376094818115234e+00
5.018060207366943359e+00
4.904870510101318359e+00
4.945834636688232422e+00
5.076511383056640625e+00
5.076487541198730469e+00
5.056817054748535156e+00
5.007018566131591797e+00
4.985422611236572266e+00
5.009273052215576172e+00
5.059779644012451172e+00
5.054395675659179688e+00
5.105446815490722656e+00
5.011174201965332031e+00
4.907860279083251953e+00
4.942696571350097656e+00
4.953348636627197266e+00
4.953034400939941406e+00
5.019657611846923828e+00
4.974098205566406250e+00
4.941528320312500000e+00
4.956836700439453125e+00
4.991761684417724609e+00
4.969955921173095703e+00
4.998703002929687500e+00
4.981970310211181641e+00
4.942399024963378906e+00
4.879442691802978516e+00
4.887660980224609375e+00
4.885723590850830078e+00
4.902898788452148438e+00
4.896636962890625000e+00
4.904553890228271484e+00
4.930439949035644531e+00
4.950655460357666016e+00
4.980033397674560547e+00
4.974282264709472656e+00
5.055560111999511719e+00
5.088546276092529297e+00
5.072161674499511719e+00
5.112589836120605469e+00
5.082652568817138672e+00
5.086716175079345703e+00
5.065839290618896484e+00
5.029741764068603516e+00
4.971209049224853516e+00
4.941093444824218750e+00
4.987552165985107422e+00
4.970888614654541016e+00
4.982601165771484375e+00
4.903504371643066406e+00
4.685413837432861328e+00
4.629395961761474609e+00
4.621467590332031250e+00
4.600363731384277344e+00
4.659091949462890625e+00
4.615996360778808594e+00
4.549817085266113281e+00
4.612653255462646484e+00
4.765000343322753906e+00
4.720235824584960938e+00
4.747288703918457031e+00
4.725140094757080078e+00
4.597313404083251953e+00
4.582243919372558594e+00
4.661596298217773438e+00
4.695982933044433594e+00
4.715985298156738281e+00
4.743221282958984375e+00
4.586913108825683594e+00
4.495055198669433594e+00
4.550120353698730469e+00
4.521469116210937500e+00
4.559649467468261719e+00
4.655002593994140625e+00
4.553313255310058594e+00
4.430834770202636719e+00
4.332196235656738281e+00
4.351781845092773438e+00
4.249777793884277344e+00
4.204741477966308594e+00
4.207728385925292969e+00
4.162993431091308594e+00
4.249924659729003906e+00
4.195313453674316406e+00
4.297305107116699219e+00
4.238039016723632812e+00
4.267085075378417969e+00
4.316097259521484375e+00
4.349908828735351562e+00
4.402746200561523438e+00
4.420248508453369141e+00
4.438324928283691406e+00
4.294756412506103516e+00
4.316747665405273438e+00
4.286804199218750000e+00
4.201117515563964844e+00
4.083474159240722656e+00
4.039252281188964844e+00
4.012080192565917969e+00
3.999423027038574219e+00
4.050752639770507812e+00
4.192308902740478516e+00
4.124117851257324219e+00
4.222591876983642578e+00
4.315171241760253906e+00
4.414104938507080078e+00
4.357464790344238281e+00
4.367165565490722656e+00
4.231724739074707031e+00
4.121313571929931641e+00
4.229080200195312500e+00
4.243942260742187500e+00
4.217747688293457031e+00
4.257097244262695312e+00
4.301558971405029297e+00
4.257431983947753906e+00
4.313647270202636719e+00
4.444275379180908203e+00
4.352417945861816406e+00
4.352338790893554688e+00
4.359409809112548828e+00
4.228909969329833984e+00
4.175161361694335938e+00
4.164566993713378906e+00
4.164789199829101562e+00
4.140751361846923828e+00
4.151321887969970703e+00
4.163318157196044922e+00
4.115661621093750000e+00
4.217451095581054688e+00
4.255160808563232422e+00
4.290318012237548828e+00
4.294340610504150391e+00
4.241207599639892578e+00
4.247139453887939453e+00
4.224802494049072266e+00
4.209283351898193359e+00
4.159349918365478516e+00
4.183099746704101562e+00
4.149727344512939453e+00
4.151072502136230469e+00
4.163693904876708984e+00
4.174057960510253906e+00
4.140377998352050781e+00
4.165326118469238281e+00
4.212303638458251953e+00
4.162892818450927734e+00
4.142275810241699219e+00
4.106778144836425781e+00
4.082786083221435547e+00
4.079416751861572266e+00
4.071869850158691406e+00
4.014116287231445312e+00
3.941306114196777344e+00
3.976333141326904297e+00
3.994791507720947266e+00
4.025464534759521484e+00
4.072058200836181641e+00
4.078589916229248047e+00
4.099461078643798828e+00
4.207444190979003906e+00
4.257763385772705078e+00
4.284246921539306641e+00
4.323053836822509766e+00
4.506076812744140625e+00
4.639126777648925781e+00
4.708518505096435547e+00
4.617500305175781250e+00
4.531385421752929688e+00
4.368228435516357422e+00
4.315928459167480469e+00
4.332310199737548828e+00
4.264827251434326172e+00
4.243488311767578125e+00
4.175641059875488281e+00
4.227406024932861328e+00
4.272576808929443359e+00
4.432329654693603516e+00
4.561328887939453125e+00
4.687839984893798828e+00
4.838447093963623047e+00
4.868183135986328125e+00
4.810783386230468750e+00
4.739713668823242188e+00
4.716803073883056641e+00
4.657036781311035156e+00
4.594626426696777344e+00
4.251782417297363281e+00
4.231183528900146484e+00
4.226894855499267578e+00
4.190934658050537109e+00
4.271269798278808594e+00
4.369581222534179688e+00
4.496568202972412109e+00
4.394308090209960938e+00
4.621367931365966797e+00
4.513146400451660156e+00
4.485159873962402344e+00
4.432980537414550781e+00
4.354869365692138672e+00
4.408016681671142578e+00
4.344088554382324219e+00
4.453799724578857422e+00
4.240251064300537109e+00
4.322796344757080078e+00
4.277919769287109375e+00
4.307591915130615234e+00
4.292491436004638672e+00
4.305943965911865234e+00
4.308097839355468750e+00
4.287344455718994141e+00
4.159574985504150391e+00
4.146919250488281250e+00
4.213798046112060547e+00
4.158335208892822266e+00
4.213324546813964844e+00
4.188116550445556641e+00
4.259947776794433594e+00
4.290512084960937500e+00
4.350759029388427734e+00
4.358912944793701172e+00
4.323123455047607422e+00
4.376996994018554688e+00
4.272097587585449219e+00
4.193289279937744141e+00
4.214461803436279297e+00
4.149333953857421875e+00
4.070415019989013672e+00
4.138220310211181641e+00
4.110407829284667969e+00
4.138565063476562500e+00
4.184306621551513672e+00
4.230769634246826172e+00
4.219011783599853516e+00
4.289992332458496094e+00
4.329222679138183594e+00
4.250976085662841797e+00
4.342533111572265625e+00
4.359134674072265625e+00
4.425119876861572266e+00
4.357688903808593750e+00
4.334496021270751953e+00
4.336206436157226562e+00
4.257829189300537109e+00
4.295542240142822266e+00
4.208603858947753906e+00
4.226172924041748047e+00
4.217493057250976562e+00
4.242034435272216797e+00
4.262523651123046875e+00
4.279251098632812500e+00
4.341798782348632812e+00
4.384081840515136719e+00
4.418209075927734375e+00
4.473718643188476562e+00
4.510426044464111328e+00
4.473489761352539062e+00
4.406610012054443359e+00
4.324933052062988281e+00
4.277902126312255859e+00
4.204554557800292969e+00
4.284536838531494141e+00
4.236900329589843750e+00
4.310882568359375000e+00
4.362859249114990234e+00
4.428040981292724609e+00
4.500025749206542969e+00
4.519315719604492188e+00
4.627346515655517578e+00
4.560418605804443359e+00
4.613419055938720703e+00
4.534897327423095703e+00
4.519759178161621094e+00
4.520015239715576172e+00
4.557268619537353516e+00
4.509386062622070312e+00
4.535277366638183594e+00
4.593360424041748047e+00
4.574875831604003906e+00
4.618495941162109375e+00
4.705926895141601562e+00
4.718080997467041016e+00
4.645486831665039062e+00
4.580665588378906250e+00
4.537468910217285156e+00
4.526622772216796875e+00
4.494332313537597656e+00
4.485142230987548828e+00
4.490341186523437500e+00
4.557188987731933594e+00
4.651286125183105469e+00
4.620149612426757812e+00
4.675823211669921875e+00
4.686553001403808594e+00
4.711902618408203125e+00
4.727532386779785156e+00
4.663400650024414062e+00
4.668985366821289062e+00
4.580760955810546875e+00
4.560395240783691406e+00
4.577764034271240234e+00
4.557965278625488281e+00
4.560521602630615234e+00
4.610410690307617188e+00
4.648923873901367188e+00
4.628313064575195312e+00
4.590783119201660156e+00
4.504934310913085938e+00
4.420319557189941406e+00
4.472220420837402344e+00
4.535614967346191406e+00
4.597632408142089844e+00
4.522411823272705078e+00
4.450761795043945312e+00
4.495882987976074219e+00
4.450540542602539062e+00
4.533163070678710938e+00
4.505786895751953125e+00
4.561169624328613281e+00
4.572352409362792969e+00
4.474903583526611328e+00
4.328300952911376953e+00
4.335604667663574219e+00
4.291609764099121094e+00
4.268107414245605469e+00
4.367723464965820312e+00
4.353737831115722656e+00
4.482872962951660156e+00
4.561917304992675781e+00
4.632982730865478516e+00
4.567049026489257812e+00
4.573703765869140625e+00
4.481193542480468750e+00
4.374135017395019531e+00
4.425311565399169922e+00
4.433670520782470703e+00
4.296263694763183594e+00
4.259456634521484375e+00
4.231070518493652344e+00
4.253940105438232422e+00
4.274427890777587891e+00
4.409916400909423828e+00
4.412071704864501953e+00
4.452782630920410156e+00
4.501646518707275391e+00
4.396240711212158203e+00
4.447406291961669922e+00
4.384347915649414062e+00
4.345827102661132812e+00
4.259443283081054688e+00
4.257198333740234375e+00
4.211405754089355469e+00
4.189975261688232422e+00
4.290204524993896484e+00
4.247435569763183594e+00
4.228083610534667969e+00
4.229235172271728516e+00
4.181141853332519531e+00
4.121569156646728516e+00
4.095765590667724609e+00
4.121959686279296875e+00
4.226984977722167969e+00
4.190728187561035156e+00
4.236896514892578125e+00
4.220167636871337891e+00
4.238256454467773438e+00
4.285280227661132812e+00
4.239318847656250000e+00
4.202279567718505859e+00
4.099008560180664062e+00
4.136997222900390625e+00
4.078664302825927734e+00
4.181108951568603516e+00
4.127065658569335938e+00
4.075273036956787109e+00
4.092034816741943359e+00
4.035077571868896484e+00
4.175297260284423828e+00
4.102433204650878906e+00
4.103759765625000000e+00
4.064902305603027344e+00
4.127827167510986328e+00
4.169242382049560547e+00
4.148732185363769531e+00
4.117424964904785156e+00
4.076389789581298828e+00
4.034380912780761719e+00
4.056106090545654297e+00
4.066545009613037109e+00
4.105140209197998047e+00
4.068425178527832031e+00
4.007394313812255859e+00
3.954771995544433594e+00
3.941421985626220703e+00
3.974792480468750000e+00
3.966315746307373047e+00
3.996436595916748047e+00
3.980599164962768555e+00
3.996081829071044922e+00
4.172870635986328125e+00
4.131833553314208984e+00
4.194236278533935547e+00
4.179492950439453125e+00
4.164970397949218750e+00
4.147314071655273438e+00
4.195966720581054688e+00
4.197464466094970703e+00
4.132997512817382812e+00
4.176469802856445312e+00
4.144267082214355469e+00
4.231035232543945312e+00
4.275251388549804688e+00
4.309919834136962891e+00
4.260834693908691406e+00
4.260371685028076172e+00
4.276387691497802734e+00
4.291121482849121094e+00
4.295440196990966797e+00
4.277089595794677734e+00
4.282875061035156250e+00
4.235746383666992188e+00
4.192967414855957031e+00
4.259522914886474609e+00
4.320884704589843750e+00
4.285648345947265625e+00
4.287650585174560547e+00
4.322001934051513672e+00
4.275643348693847656e+00
4.268962860107421875e+00
4.296940326690673828e+00
4.240489482879638672e+00
4.254714965820312500e+00
4.241917133331298828e+00
4.283175468444824219e+00
4.274652481079101562e+00
4.353351593017578125e+00
4.320296287536621094e+00
4.293365955352783203e+00
4.258512020111083984e+00
4.197607040405273438e+00
4.240401744842529297e+00
4.169857978820800781e+00
4.201720237731933594e+00
4.142636775970458984e+00
4.160460472106933594e+00
4.111293792724609375e+00
4.158760070800781250e+00
4.226535797119140625e+00
4.226800918579101562e+00
4.230200767517089844e+00
4.217255592346191406e+00
4.236343860626220703e+00
4.194108009338378906e+00
4.235040664672851562e+00
4.188950538635253906e+00
4.232558727264404297e+00
4.216399192810058594e+00
4.240300178527832031e+00
4.283450126647949219e+00
4.312070846557617188e+00
4.314690589904785156e+00
4.335998535156250000e+00
4.321211338043212891e+00
4.298694610595703125e+00
4.296487808227539062e+00
4.270011425018310547e+00
4.247184276580810547e+00
4.264374732971191406e+00
4.276086807250976562e+00
4.287446498870849609e+00
4.247690200805664062e+00
4.251027107238769531e+00
4.281547546386718750e+00
4.377493381500244141e+00
4.413169860839843750e+00
4.434143066406250000e+00
4.353437900543212891e+00
4.420964717864990234e+00
4.398521900177001953e+00
4.411704540252685547e+00
4.390969276428222656e+00
4.319720745086669922e+00
4.374479293823242188e+00
4.359880924224853516e+00
4.443654060363769531e+00
4.462789058685302734e+00
4.480977535247802734e+00
4.432992458343505859e+00
4.448937416076660156e+00
4.494183063507080078e+00
4.490414619445800781e+00
4.477886676788330078e+00
4.444869995117187500e+00
4.416373252868652344e+00
4.373066425323486328e+00
4.336292266845703125e+00
4.312836170196533203e+00
4.325311660766601562e+00
4.347491741180419922e+00
4.371361255645751953e+00
4.397253990173339844e+00
4.429686546325683594e+00
4.448879241943359375e+00
4.410697937011718750e+00
4.395151138305664062e+00
4.373850822448730469e+00
4.375015258789062500e+00
4.371758460998535156e+00
4.364503383636474609e+00
4.359504699707031250e+00
4.355909347534179688e+00
4.349783897399902344e+00
4.312305450439453125e+00
4.353610992431640625e+00
4.306949615478515625e+00
4.319845199584960938e+00
4.315377712249755859e+00
4.327890396118164062e+00
4.344303131103515625e+00
4.341560840606689453e+00
4.407823562622070312e+00
4.354995727539062500e+00
4.398459434509277344e+00
4.373587608337402344e+00
4.392394542694091797e+00
4.413770675659179688e+00
4.438086509704589844e+00
4.429003238677978516e+00
4.378071784973144531e+00
4.376956462860107422e+00
4.348778724670410156e+00
4.364917755126953125e+00
4.348655700683593750e+00
4.371509552001953125e+00
4.399095535278320312e+00
4.383706092834472656e+00
4.414650917053222656e+00
4.407183647155761719e+00
4.370049476623535156e+00
4.356960773468017578e+00
4.314793586730957031e+00
4.302858352661132812e+00
4.276588439941406250e+00
4.228780746459960938e+00
4.230084419250488281e+00
4.216447830200195312e+00
4.205795288085937500e+00
4.233109474182128906e+00
4.226849555969238281e+00
4.265889167785644531e+00
4.294514179229736328e+00
4.343851089477539062e+00
4.311433792114257812e+00
4.293623924255371094e+00
4.285534858703613281e+00
4.268394470214843750e+00
4.226300239562988281e+00
4.178395271301269531e+00
4.202766895294189453e+00
4.142875194549560547e+00
4.084702968597412109e+00
3.902861118316650391e+00
3.929048061370849609e+00
3.911285400390625000e+00
3.908291816711425781e+00
4.003457069396972656e+00
3.926163673400878906e+00
3.988121986389160156e+00
3.920767307281494141e+00
4.037527084350585938e+00
3.993837356567382812e+00
4.029977321624755859e+00
4.008226394653320312e+00
3.928892135620117188e+00
3.982622146606445312e+00
3.927025794982910156e+00
3.922351837158203125e+00
3.751204490661621094e+00
3.728056907653808594e+00
3.651421546936035156e+00
3.697912693023681641e+00
3.708562850952148438e+00
3.759755134582519531e+00
3.785436630249023438e+00
3.826869010925292969e+00
3.723516941070556641e+00
3.739767551422119141e+00
3.652536392211914062e+00
3.639560699462890625e+00
3.621458530426025391e+00
3.610155582427978516e+00
3.669157981872558594e+00
3.674497127532958984e+00
3.716133117675781250e+00
3.737295627593994141e+00
3.755056381225585938e+00
3.777071475982666016e+00
3.720278263092041016e+00
3.716690063476562500e+00
3.713301658630371094e+00
3.695697784423828125e+00
3.705369472503662109e+00
3.710687160491943359e+00
3.683705329895019531e+00
3.661692619323730469e+00
3.692504405975341797e+00
3.715903759002685547e+00
3.702692985534667969e+00
3.743317127227783203e+00
3.747169494628906250e+00
3.731831550598144531e+00
3.724149703979492188e+00
3.758599758148193359e+00
3.750434160232543945e+00
3.714373350143432617e+00
3.773186206817626953e+00
3.719944715499877930e+00
3.686601161956787109e+00
3.662515878677368164e+00
3.636512279510498047e+00
3.656949281692504883e+00
3.750468254089355469e+00
3.741801261901855469e+00
3.734321594238281250e+00
3.716082811355590820e+00
3.733479976654052734e+00
3.760457754135131836e+00
3.759582519531250000e+00
3.725485324859619141e+00
3.648926734924316406e+00
3.623772859573364258e+00
3.591332197189331055e+00
3.580736637115478516e+00
3.594237804412841797e+00
3.613458871841430664e+00
3.707975149154663086e+00
3.715317487716674805e+00
3.823976755142211914e+00
3.862278461456298828e+00
3.820687294006347656e+00
3.845812797546386719e+00
3.809428691864013672e+00
3.778864860534667969e+00
3.726395130157470703e+00
3.764668941497802734e+00
3.785118818283081055e+00
3.791284561157226562e+00
3.844821453094482422e+00
3.803157329559326172e+00
3.762197256088256836e+00
3.762899398803710938e+00
3.748380661010742188e+00
3.701607704162597656e+00
3.706481933593750000e+00
3.748131990432739258e+00
3.784965515136718750e+00
3.828718662261962891e+00
3.847578525543212891e+00
3.797446250915527344e+00
3.842045545578002930e+00
3.825829029083251953e+00
3.874151229858398438e+00
3.875580549240112305e+00
3.836601972579956055e+00
3.822680950164794922e+00
3.788538217544555664e+00
3.792665958404541016e+00
3.771907091140747070e+00
3.806513786315917969e+00
3.796626806259155273e+00
3.817867279052734375e+00
3.867783546447753906e+00
3.873790502548217773e+00
3.892517089843750000e+00
3.885644674301147461e+00
3.901197671890258789e+00
3.859769105911254883e+00
3.848623514175415039e+00
3.846223592758178711e+00
3.868468284606933594e+00
3.902738332748413086e+00
3.929075956344604492e+00
3.958290338516235352e+00
3.952568292617797852e+00
3.967715978622436523e+00
3.993402242660522461e+00
4.087626457214355469e+00
4.078898429870605469e+00
4.103330612182617188e+00
4.066906929016113281e+00
3.975319623947143555e+00
3.972095966339111328e+00
3.953885555267333984e+00
4.038815498352050781e+00
3.947044849395751953e+00
4.018280982971191406e+00
4.043184280395507812e+00
4.126091480255126953e+00
4.247284889221191406e+00
4.229406356811523438e+00
4.189173698425292969e+00
4.131073951721191406e+00
4.196099281311035156e+00
4.189702033996582031e+00
4.282689094543457031e+00
4.268027305603027344e+00
4.165273666381835938e+00
4.143165588378906250e+00
4.163958072662353516e+00
4.182507514953613281e+00
4.251893043518066406e+00
4.238021850585937500e+00
4.299441337585449219e+00
4.273887634277343750e+00
4.326938152313232422e+00
4.352190971374511719e+00
4.395581245422363281e+00
4.500553131103515625e+00
4.433151721954345703e+00
4.531929969787597656e+00
4.370514869689941406e+00
4.401362895965576172e+00
4.335574150085449219e+00
4.342992782592773438e+00
4.306735038757324219e+00
4.177120208740234375e+00
4.218365669250488281e+00
4.024861335754394531e+00
4.207610607147216797e+00
4.160525321960449219e+00
4.206806182861328125e+00
4.237742424011230469e+00
4.295142173767089844e+00
4.264460563659667969e+00
4.224703788757324219e+00
4.353014945983886719e+00
4.261177062988281250e+00
4.228773117065429688e+00
4.216171264648437500e+00
4.165731430053710938e+00
4.188925743103027344e+00
4.188681602478027344e+00
4.249746322631835938e+00
4.218189716339111328e+00
4.116807937622070312e+00
4.171718597412109375e+00
4.172053337097167969e+00
4.243509769439697266e+00
4.267567634582519531e+00
4.225101470947265625e+00
4.117160797119140625e+00
4.022202968597412109e+00
4.009896278381347656e+00
4.015132427215576172e+00
4.034821510314941406e+00
4.056405067443847656e+00
4.117378234863281250e+00
4.038276672363281250e+00
4.120491981506347656e+00
4.133612632751464844e+00
4.137053012847900391e+00
4.098257064819335938e+00
4.072491645812988281e+00
4.043042182922363281e+00
4.017479896545410156e+00
4.083039283752441406e+00
4.103294372558593750e+00
4.114015579223632812e+00
4.024704933166503906e+00
4.068904876708984375e+00
4.064976692199707031e+00
4.074832916259765625e+00
4.120685577392578125e+00
4.126240730285644531e+00
4.088468551635742188e+00
4.092676162719726562e+00
4.089148521423339844e+00
4.081979751586914062e+00
4.089960575103759766e+00
4.074127197265625000e+00
4.048471450805664062e+00
4.021611213684082031e+00
4.127534389495849609e+00
4.172480106353759766e+00
4.225182533264160156e+00
4.216345787048339844e+00
4.185089111328125000e+00
4.158854484558105469e+00
4.120391368865966797e+00
4.170455932617187500e+00
4.174311161041259766e+00
4.202784538269042969e+00
4.159224510192871094e+00
4.192091941833496094e+00
4.183757781982421875e+00
4.198328971862792969e+00
4.214025020599365234e+00
4.171607017517089844e+00
4.126316547393798828e+00
4.067873001098632812e+00
4.156777858734130859e+00
4.132594585418701172e+00
4.159968376159667969e+00
4.144599914550781250e+00
4.010498523712158203e+00
3.943556785583496094e+00
3.851392984390258789e+00
3.817834377288818359e+00
3.692115545272827148e+00
3.920477390289306641e+00
4.011656761169433594e+00
4.072782993316650391e+00
4.165953636169433594e+00
4.046305656433105469e+00
4.065843105316162109e+00
3.993752717971801758e+00
4.105729103088378906e+00
3.992866039276123047e+00
4.009759426116943359e+00
3.985509395599365234e+00
3.875736713409423828e+00
3.935817718505859375e+00
3.898625612258911133e+00
3.904365062713623047e+00
3.828846693038940430e+00
3.880117893218994141e+00
3.914927005767822266e+00
3.936319589614868164e+00
3.962630271911621094e+00
3.896558046340942383e+00
3.846893072128295898e+00
3.824160099029541016e+00
3.750635623931884766e+00
3.836067676544189453e+00
3.868978023529052734e+00
3.917650222778320312e+00
3.889802932739257812e+00
3.890205383300781250e+00
3.863291263580322266e+00
3.888614177703857422e+00
3.896430492401123047e+00
3.933754920959472656e+00
3.898898124694824219e+00
3.933631420135498047e+00
3.913918972015380859e+00
3.953522205352783203e+00
3.848911762237548828e+00
3.904454708099365234e+00
3.833055019378662109e+00
3.825321197509765625e+00
3.863912582397460938e+00
3.863890171051025391e+00
3.877048492431640625e+00
3.812781810760498047e+00
3.885226726531982422e+00
3.824409961700439453e+00
3.923435688018798828e+00
3.936136245727539062e+00
3.915688514709472656e+00
3.918151378631591797e+00
3.955963611602783203e+00
4.077273368835449219e+00
3.966654777526855469e+00
4.053896903991699219e+00
4.008014202117919922e+00
3.935104846954345703e+00
3.941856861114501953e+00
3.868556022644042969e+00
3.865624904632568359e+00
3.812177181243896484e+00
3.817813873291015625e+00
3.804574966430664062e+00
3.776269435882568359e+00
3.851270198822021484e+00
3.812808990478515625e+00
3.867206573486328125e+00
3.868776798248291016e+00
3.913166522979736328e+00
3.923923015594482422e+00
3.892210006713867188e+00
3.892063617706298828e+00
3.872143268585205078e+00
3.869481086730957031e+00
3.842669963836669922e+00
3.818088054656982422e+00
3.859385967254638672e+00
3.791301250457763672e+00
3.815670967102050781e+00
3.768957138061523438e+00
3.743917942047119141e+00
3.780474185943603516e+00
3.772986412048339844e+00
3.805598258972167969e+00
3.814970493316650391e+00
3.831194400787353516e+00
3.807820796966552734e+00
3.776167869567871094e+00
3.824291706085205078e+00
3.796156883239746094e+00
3.830287933349609375e+00
3.797739028930664062e+00
3.748731136322021484e+00
3.755041599273681641e+00
3.757759571075439453e+00
3.770631790161132812e+00
3.770132541656494141e+00
3.788058280944824219e+00
3.795585632324218750e+00
3.800192832946777344e+00
3.780708789825439453e+00
3.764737606048583984e+00
3.749757289886474609e+00
3.738599300384521484e+00
3.733865737915039062e+00
3.790019035339355469e+00
3.774435520172119141e+00
3.789635658264160156e+00
3.768422603607177734e+00
3.768059253692626953e+00
3.761223316192626953e+00
3.758030414581298828e+00
3.758008480072021484e+00
3.680650711059570312e+00
3.667171478271484375e+00
3.642956733703613281e+00
3.608639717102050781e+00
3.592777252197265625e+00
3.559432029724121094e+00
3.526572227478027344e+00
3.539881229400634766e+00
3.574729442596435547e+00
3.579453468322753906e+00
3.595194339752197266e+00
3.591207504272460938e+00
3.579353809356689453e+00
3.579813480377197266e+00
3.602142810821533203e+00
3.545142650604248047e+00
3.528191566467285156e+00
3.503729820251464844e+00
3.512266159057617188e+00
3.469871997833251953e+00
3.490212917327880859e+00
3.486114978790283203e+00
3.394406795501708984e+00
3.370657444000244141e+00
3.339573383331298828e+00
3.301579952239990234e+00
3.296665191650390625e+00
3.328588962554931641e+00
3.346060276031494141e+00
3.316116333007812500e+00
3.321552276611328125e+00
3.281191825866699219e+00
3.321218013763427734e+00
3.377176284790039062e+00
3.342622756958007812e+00
3.343654155731201172e+00
3.340856552124023438e+00
3.363817691802978516e+00
3.342258930206298828e+00
3.366166591644287109e+00
3.302984714508056641e+00
3.292085647583007812e+00
3.300027370452880859e+00
3.336147308349609375e+00
3.310182094573974609e+00
3.286787986755371094e+00
3.209411144256591797e+00
3.162278652191162109e+00
3.160578250885009766e+00
3.185768127441406250e+00
3.199483871459960938e+00
3.176372528076171875e+00
3.216616630554199219e+00
3.204703330993652344e+00
3.258750438690185547e+00
3.234247207641601562e+00
3.185253143310546875e+00
3.126952648162841797e+00
3.132399559020996094e+00
3.169639587402343750e+00
3.135183334350585938e+00
3.192930221557617188e+00
3.148671150207519531e+00
3.167717933654785156e+00
3.241482734680175781e+00
3.285825252532958984e+00
3.317076683044433594e+00
3.306364536285400391e+00
3.335548877716064453e+00
3.284532546997070312e+00
3.351869583129882812e+00
3.354092597961425781e+00
3.287004470825195312e+00
3.259804725646972656e+00
3.205623149871826172e+00
3.292996644973754883e+00
3.311915159225463867e+00
3.396193742752075195e+00
3.406429052352905273e+00
3.423831939697265625e+00
3.372461080551147461e+00
3.343796253204345703e+00
3.374729394912719727e+00
3.371304273605346680e+00
3.326294660568237305e+00
3.350548505783081055e+00
3.298215150833129883e+00
3.312871694564819336e+00
3.361710071563720703e+00
3.401994943618774414e+00
3.416533708572387695e+00
3.391793489456176758e+00
3.394891500473022461e+00
3.342480897903442383e+00
3.427866935729980469e+00
3.411976099014282227e+00
3.440333366394042969e+00
3.432733058929443359e+00
3.434206724166870117e+00
3.409262418746948242e+00
3.427855730056762695e+00
3.470413446426391602e+00
3.444222927093505859e+00
3.432569980621337891e+00
3.440515518188476562e+00
3.439020395278930664e+00
3.480612754821777344e+00
3.480538129806518555e+00
3.486407995223999023e+00
3.488809823989868164e+00
3.505836009979248047e+00
3.507128477096557617e+00
3.510121107101440430e+00
3.554336786270141602e+00
3.526716709136962891e+00
3.563465833663940430e+00
3.573240518569946289e+00
3.604211330413818359e+00
3.660403490066528320e+00
3.627207994461059570e+00
3.660753011703491211e+00
3.646886587142944336e+00
3.698149681091308594e+00
3.634331464767456055e+00
3.638814210891723633e+00
3.471807718276977539e+00
3.189533948898315430e+00
3.289953947067260742e+00
3.195232868194580078e+00
3.263688325881958008e+00
3.373059749603271484e+00
3.376739978790283203e+00
3.427362918853759766e+00
3.422114849090576172e+00
3.634580612182617188e+00
3.516602993011474609e+00
3.622281074523925781e+00
3.585873603820800781e+00
3.499333858489990234e+00
3.509156227111816406e+00
3.473204612731933594e+00
3.485519409179687500e+00
3.329339981079101562e+00
3.429674625396728516e+00
3.355058670043945312e+00
3.374599456787109375e+00
3.417033672332763672e+00
3.394757270812988281e+00
3.416993141174316406e+00
3.441355228424072266e+00
3.379934310913085938e+00
3.499531745910644531e+00
3.522018432617187500e+00
3.546196937561035156e+00
3.501389026641845703e+00
3.529474258422851562e+00
3.508814811706542969e+00
3.496956825256347656e+00
3.509489059448242188e+00
3.462266921997070312e+00
3.394863128662109375e+00
3.400198459625244141e+00
3.433822631835937500e+00
3.410036087036132812e+00
3.425135612487792969e+00
3.448136329650878906e+00
3.388596534729003906e+00
3.466561317443847656e+00
3.475727558135986328e+00
3.490968704223632812e+00
3.470445156097412109e+00
3.473311424255371094e+00
3.458834648132324219e+00
3.437681198120117188e+00
3.483685016632080078e+00
3.421512603759765625e+00
3.478696346282958984e+00
3.465319156646728516e+00
3.537376880645751953e+00
3.573174476623535156e+00
3.626703739166259766e+00
3.626399517059326172e+00
3.600137710571289062e+00
3.555778980255126953e+00
3.530087471008300781e+00
3.481260776519775391e+00
3.515009880065917969e+00
3.486832141876220703e+00
3.490135669708251953e+00
3.474855422973632812e+00
3.468913078308105469e+00
3.440112113952636719e+00
3.458301067352294922e+00
3.527533531188964844e+00
3.538075447082519531e+00
3.550725460052490234e+00
3.535515308380126953e+00
3.515855789184570312e+00
3.494462013244628906e+00
3.483212471008300781e+00
3.457104682922363281e+00
3.431708812713623047e+00
3.432449817657470703e+00
3.468979358673095703e+00
3.492231845855712891e+00
3.528425693511962891e+00
3.523358345031738281e+00
3.490633487701416016e+00
3.492411613464355469e+00
3.506313323974609375e+00
3.494658946990966797e+00
3.493079185485839844e+00
3.490480899810791016e+00
3.515202045440673828e+00
3.571917057037353516e+00
3.645749092102050781e+00
3.613416671752929688e+00
3.596858501434326172e+00
3.542976379394531250e+00
3.513823509216308594e+00
3.557136058807373047e+00
3.696679115295410156e+00
3.815948009490966797e+00
3.703029155731201172e+00
3.790587425231933594e+00
3.699929714202880859e+00
3.720484733581542969e+00
3.661270618438720703e+00
3.613903522491455078e+00
3.614813804626464844e+00
3.566868782043457031e+00
3.739834785461425781e+00
3.683793544769287109e+00
3.855651855468750000e+00
3.864306449890136719e+00
4.020224571228027344e+00
4.125550270080566406e+00
4.183143138885498047e+00
4.324681758880615234e+00
4.360226631164550781e+00
4.645603179931640625e+00
4.522735595703125000e+00
4.334225654602050781e+00
4.043862342834472656e+00
4.021038055419921875e+00
3.936796665191650391e+00
3.979939699172973633e+00
4.237887382507324219e+00
4.283417701721191406e+00
4.327981472015380859e+00
4.566061019897460938e+00
4.806615829467773438e+00
4.574751377105712891e+00
4.512866973876953125e+00
4.614069938659667969e+00
4.570175170898437500e+00
4.807891845703125000e+00
4.862691879272460938e+00
4.979727745056152344e+00
5.020453453063964844e+00
5.152808189392089844e+00
5.037627220153808594e+00
4.934329032897949219e+00
4.959496498107910156e+00
4.801145553588867188e+00
4.895159721374511719e+00
4.968261718750000000e+00
4.992921829223632812e+00
5.009268760681152344e+00
4.513333320617675781e+00
4.634095191955566406e+00
4.762229919433593750e+00
4.983139038085937500e+00
5.132872581481933594e+00
4.986221313476562500e+00
5.012735366821289062e+00
4.688960075378417969e+00
4.745537281036376953e+00
4.652317047119140625e+00
4.545419692993164062e+00
4.610047340393066406e+00
4.524287223815917969e+00
4.610302448272705078e+00
4.508283138275146484e+00
4.692955017089843750e+00
4.581504821777343750e+00
4.535000801086425781e+00
4.725869178771972656e+00
4.663195610046386719e+00
4.776991844177246094e+00
4.789243698120117188e+00
4.838617324829101562e+00
4.838670253753662109e+00
4.714462757110595703e+00
4.693005561828613281e+00
4.467374324798583984e+00
4.411517143249511719e+00
4.392055511474609375e+00
4.432947158813476562e+00
4.507396221160888672e+00
4.456380844116210938e+00
4.609448432922363281e+00
4.681736946105957031e+00
4.653795242309570312e+00
4.707917213439941406e+00
4.720794200897216797e+00
4.804279804229736328e+00
4.668239116668701172e+00
4.799051284790039062e+00
4.774914741516113281e+00
4.741040706634521484e+00
4.686821460723876953e+00
4.655188560485839844e+00
4.704278945922851562e+00
4.864376068115234375e+00
4.939743995666503906e+00
4.870194435119628906e+00
4.906409263610839844e+00
4.925311088562011719e+00
4.965998649597167969e+00
5.007466316223144531e+00
4.994437217712402344e+00
5.051187515258789062e+00
5.214116573333740234e+00
5.258643150329589844e+00
5.406687736511230469e+00
5.542883872985839844e+00
5.601240158081054688e+00
5.432212352752685547e+00
5.348236083984375000e+00
5.455726623535156250e+00
5.308642387390136719e+00
5.293053627014160156e+00
5.459598541259765625e+00
5.477445602416992188e+00
5.315545082092285156e+00
5.328042984008789062e+00
5.258253097534179688e+00
5.109009742736816406e+00
5.205640316009521484e+00
5.136946678161621094e+00
5.135717391967773438e+00
5.149913787841796875e+00
5.325732231140136719e+00
5.285015583038330078e+00
5.257108688354492188e+00
5.252209186553955078e+00
5.225497245788574219e+00
5.324043273925781250e+00
5.422382831573486328e+00
5.513627529144287109e+00
5.595355033874511719e+00
5.606538295745849609e+00
5.559211254119873047e+00
5.478981018066406250e+00
5.297001361846923828e+00
5.112914562225341797e+00
5.231634140014648438e+00
5.243444919586181641e+00
5.256283283233642578e+00
5.411359310150146484e+00
5.455505847930908203e+00
5.541679382324218750e+00
5.567134380340576172e+00
5.506102561950683594e+00
5.456679344177246094e+00
5.428678035736083984e+00
5.420088291168212891e+00
5.287294864654541016e+00
5.269306182861328125e+00
5.088154315948486328e+00
4.945589065551757812e+00
5.100324153900146484e+00
5.235655307769775391e+00
5.256770610809326172e+00
5.101697444915771484e+00
5.237642765045166016e+00
5.338955402374267578e+00
5.400752544403076172e+00
5.537999629974365234e+00
5.548780918121337891e+00
5.724187850952148438e+00
5.591990947723388672e+00
5.521386146545410156e+00
5.626509189605712891e+00
5.516699314117431641e+00
5.233309268951416016e+00
5.162149429321289062e+00
5.216902256011962891e+00
5.129745006561279297e+00
5.209000587463378906e+00
5.236243724822998047e+00
5.112731456756591797e+00
5.145402908325195312e+00
5.221540451049804688e+00
5.125639915466308594e+00
5.005909442901611328e+00
5.019346237182617188e+00
4.988767623901367188e+00
4.825263023376464844e+00
4.946367740631103516e+00
5.055508613586425781e+00
4.982575416564941406e+00
5.023867130279541016e+00
5.074194431304931641e+00
