4.000000000000000000e+00 3.000000000000000000e+00
5.000000000000000000e+00 2.000000000000000000e+00
8.000000000000000000e+00 1.100000000000000000e+01
1.100000000000000000e+01 2.000000000000000000e+00
1.300000000000000000e+01 3.000000000000000000e+00
2.000000000000000000e+01 1.000000000000000000e+01
2.200000000000000000e+01 4.000000000000000000e+00
2.600000000000000000e+01 1.000000000000000000e+00
4.100000000000000000e+01 1.000000000000000000e+00
4.200000000000000000e+01 1.000000000000000000e+00
4.300000000000000000e+01 1.000000000000000000e+00
4.500000000000000000e+01 1.000000000000000000e+00
4.700000000000000000e+01 1.000000000000000000e+00
4.800000000000000000e+01 1.100000000000000000e+01
5.500000000000000000e+01 1.000000000000000000e+00
5.700000000000000000e+01 1.000000000000000000e+00
6.200000000000000000e+01 1.000000000000000000e+01
6.800000000000000000e+01 9.000000000000000000e+00
7.400000000000000000e+01 1.000000000000000000e+01
8.200000000000000000e+01 9.000000000000000000e+00
8.300000000000000000e+01 1.000000000000000000e+00
8.400000000000000000e+01 1.000000000000000000e+00
8.600000000000000000e+01 1.000000000000000000e+00
8.800000000000000000e+01 1.000000000000000000e+00
8.900000000000000000e+01 8.000000000000000000e+00
9.000000000000000000e+01 6.000000000000000000e+00
9.800000000000000000e+01 6.000000000000000000e+00
1.000000000000000000e+02 1.000000000000000000e+00
1.020000000000000000e+02 7.000000000000000000e+00
1.060000000000000000e+02 6.000000000000000000e+00
1.080000000000000000e+02 5.000000000000000000e+00
1.100000000000000000e+02 2.000000000000000000e+00
1.140000000000000000e+02 6.000000000000000000e+00
1.180000000000000000e+02 6.000000000000000000e+00
1.280000000000000000e+02 9.000000000000000000e+00
1.320000000000000000e+02 2.000000000000000000e+00
1.370000000000000000e+02 2.000000000000000000e+00
1.380000000000000000e+02 4.000000000000000000e+00
1.400000000000000000e+02 2.000000000000000000e+00
1.420000000000000000e+02 2.000000000000000000e+00
1.510000000000000000e+02 1.000000000000000000e+00
1.530000000000000000e+02 2.000000000000000000e+00
1.560000000000000000e+02 1.000000000000000000e+00
1.580000000000000000e+02 2.000000000000000000e+00
1.610000000000000000e+02 1.000000000000000000e+00
1.620000000000000000e+02 4.000000000000000000e+00
1.630000000000000000e+02 1.000000000000000000e+00
1.640000000000000000e+02 4.000000000000000000e+00
1.650000000000000000e+02 1.000000000000000000e+00
1.660000000000000000e+02 2.000000000000000000e+00
1.680000000000000000e+02 4.000000000000000000e+00
1.690000000000000000e+02 1.000000000000000000e+00
1.700000000000000000e+02 4.000000000000000000e+00
1.710000000000000000e+02 1.000000000000000000e+00
1.720000000000000000e+02 1.000000000000000000e+00
1.730000000000000000e+02 1.000000000000000000e+00
1.740000000000000000e+02 4.000000000000000000e+00
1.760000000000000000e+02 4.000000000000000000e+00
1.770000000000000000e+02 1.000000000000000000e+00
1.780000000000000000e+02 5.000000000000000000e+00
1.800000000000000000e+02 4.000000000000000000e+00
1.810000000000000000e+02 2.000000000000000000e+00
1.820000000000000000e+02 4.000000000000000000e+00
1.830000000000000000e+02 2.000000000000000000e+00
1.840000000000000000e+02 4.000000000000000000e+00
1.860000000000000000e+02 5.000000000000000000e+00
1.910000000000000000e+02 1.000000000000000000e+00
1.920000000000000000e+02 8.000000000000000000e+00
1.930000000000000000e+02 1.000000000000000000e+00
1.970000000000000000e+02 1.000000000000000000e+00
1.990000000000000000e+02 1.000000000000000000e+00
2.010000000000000000e+02 1.000000000000000000e+00
2.050000000000000000e+02 1.000000000000000000e+00
2.070000000000000000e+02 1.000000000000000000e+00
2.300000000000000000e+02 1.000000000000000000e+01
2.320000000000000000e+02 2.000000000000000000e+00
2.340000000000000000e+02 1.000000000000000000e+00
2.370000000000000000e+02 2.000000000000000000e+00
2.430000000000000000e+02 1.200000000000000000e+01
2.450000000000000000e+02 1.200000000000000000e+01
2.500000000000000000e+02 1.000000000000000000e+00
2.520000000000000000e+02 3.000000000000000000e+00
2.530000000000000000e+02 4.000000000000000000e+00
2.540000000000000000e+02 4.000000000000000000e+00
2.550000000000000000e+02 4.000000000000000000e+00
2.580000000000000000e+02 1.000000000000000000e+00
2.610000000000000000e+02 1.200000000000000000e+01
2.670000000000000000e+02 2.000000000000000000e+00
2.730000000000000000e+02 1.000000000000000000e+00
2.740000000000000000e+02 1.000000000000000000e+00
2.750000000000000000e+02 1.000000000000000000e+01
2.770000000000000000e+02 1.000000000000000000e+00
2.780000000000000000e+02 1.000000000000000000e+00
2.840000000000000000e+02 8.000000000000000000e+00
2.850000000000000000e+02 1.100000000000000000e+01
2.860000000000000000e+02 1.100000000000000000e+01
2.900000000000000000e+02 8.000000000000000000e+00
2.950000000000000000e+02 7.000000000000000000e+00
2.960000000000000000e+02 1.000000000000000000e+00
2.970000000000000000e+02 8.000000000000000000e+00
